301342
304109
348955
425114
479951
494139
463120
476970
560935
75753
267489
329556
457760
464216
494132
494133
494158
500907
247884
4880
156392
26196
556315
5872
494151
161651
86337
236467
203609
187367
82341
314427
43911
355005
69434
290172
3419
202368
483256
296909
250973
301342
256429
304109
270677
348955
428690
425114
365705
479951
86123
494139
86123
463120
542805
476970
560935
75753
248169
90423
175376
30855
203136
174649
461662
542805
89087
461662
460232
90423
240440
458920
267489
30855
275568
275568
329556
457760
514811
464216
494132
494133
494158
500907
247884
4880
156392
26196
556315
5872
494151
346856
161651
304816
86337
90913
236467
203592
203609
203658
82341
346856
43911
333113
69434
3419
248169
483256
140755
250973
477942
256429
346745
3718
377567
222963
389836
428690
316872
47220
477942
530945
377567
11617
173008
222963
335821
140096
334550
432433
140755
485536
73122
3718
429607
7673
270677
109648
389836
242274
494130
153032
346745
115594
253635
429607
7735
173008
175376
530945
203622
335821
350556
11617
174649
316872
90913
304816
57279
47220
240440
365705
140096
518461
203622
359215
350556
203592
426626
494130
359215
153032
30809
115594
518461
334550
253635
30809
242274
7735
460232
7673
57279
73122
203658
109648
426626
432433
514811
485536
333113
187367
314427
355005
458920
290172
203136
202368
89087
296909
